9487.8
9572.31
9594.98
9654.61
9630.9
9680.01
9674.68
9764.38
9812.98
9803.05
9791.72
9721.79
9777.94
9747.64
9598.24
9613.13
9582.46
9608.16
9748.31
9774.53
9786.61
9801.12
9858.46
9838.83
9820.83
9856.97
9809.79
9756.53
9737.79
9848.83
9837.94
9768.68
9710.83
9624.16
9690.46
9619.42
9628.53
9747.79
9763.94
9779.57
9782.46
9899.05
9853.64
9873.42
9930.82
9862.68
9965.27
9923.42
9921.86
10008.16
10042.16
10022.82
10129.56
10145.26
10248.08
10278.22
10338
10341.26
10305.19
10324.67
10450
10425.04
10453.92
10409.85
10544.07
10538.66
10529.03
10592.44
10458.89
10485.18
10427.18
10538.37
10553.85
10600.51
10528.66
10623.62
10623.18
10568.29
10702.51
10609.92
10468.37
10510.29
10488.07
10499.18
10505.18
10470.74
10495.55
10593.03
10579.03
10613.85
10737.7
10694.07
10627.85
10714.88
10671.99
10664.73
10619.03
10609.62
10566.37
10601.62
10580.14
10583.92
10678.14
10591.48
10593.11
10588
10595.55
10529.48
10456.96
10296.89
10128.38
10240.08
10102.89
10184.67
10300.3
10295.78
10186.6
10064.75
10063.64
10048.23
10218.82
10212.97
10329.63
10381.7
10357.7
10373.33
10470.59
10558.37
10570.81
10480.15
10442.03
10515.56
10381.28
10377.95
10397.46
10451.97
10437.85
10314.5
10317.27
10461.2
10472.84
10444.73
10478.16
10342.6
10272.27
10225.57
10314
10317.2
10310.95
10241.26
10117.34
9990.02
10019.47
10045.16
10010.74
10012.87
9906.91
9968.51
9937.71
9937.64
9966.74
9958.43
10117.62
10109.89
10205.2
10188.45
10202.65
10262.97
10195.91
10242.82
10391.08
10432.52
10368.44
10410.1
10334.73
10380.43
10379.58
10377.52
10416.41
10371.47
10395.07
10479.57
10443.81
10371.84
10357.09
10413.43
10435.48
10334.16
10282.83
10219.34
10240.29
10171.56
10213.22
10238.22
10247.59
10208.8
10163.16
10139.78
10094.06
10149.07
10046.13
10050.33
9962.22
9961.92
10085.14
10117.07
10129.24
10139.71
10179.16
10120.24
10126.51
9963.03
9815.33
9814.66
9944.67
9938.32
9814.59
9825.35
9954.55
9972.83
10083.15
10040.82
10110.14
10073.05
10098.63
10181.74
10173.41
10195.01
10122.52
10173.92
10168.46
10290.28
10260.2
10341.16
10313.36
10289.1
10313.07
10314.76
10318.16
10231.36
10244.49
10284.46
10204.89
10244.93
10109.18
10038.9
10047.24
9988.54
10077.4
10136.24
10080.27
10192.65
10216.54
10177.68
10239.92
10125.4
10055.2
10081.97
10077.18
10002.33
9894.45
9933.38
9956.32
9897.62
9886.93
9865.76
9757.81
9749.99
9888.48
10002.03
10004.54
10027.47
10054.39
10035.73
10137.05
10314.76
10387.54
10391.31
10386.37
10385.48
10469.84
10539.01
10550.24
10487.65
10549.57
10572.55
10456.91
10489.42
10492.6
10520.31
10522.23
10475.9
10428.02
10590.22
10585.12
10592.21
10547.06
10440.58
10494.23
10552.82
10543.22
10638.32
10676.45
10691.45
10705.64
10649.92
10661.6
10759.43
10815.89
10827.12
10776.13
10854.54
10829.19
10800.3
10783.01
10729.43
10630.78
10597.83
10622.88
10603.96
10621.03
10556.22
10617.78
10505.83
10558
10628.79
10539.97
10471.47
10392.99
10368.61
10461.56
10498.59
10467.4
10427.2
10489.94
10551.94
10596.79
10593.1
10716.13
10715.76
10724.63
10664.11
10749.61
10796.01
10791.13
10837.32
10834.88
10754.26
10785.22
10611.2
10673.79
10748.79
10841.6
10766.23
10830
10811.97
10833.03
10940.55
10936.86
10912.62
10805.62
10851.51
10774.36
10804.51
10745.1
10633.07
10626.35
10629.67
10565.39
10470.51
10456.02
10442.87
10485.65
10405.7
10540.93
10503.76
10404.3
10421.14
10458.46
10486.02
10546.32
10461.34
10448.56
10507.97
10403.93
10278.75
10087.51
10071.25
10127.41
10012.36
10218.6
10157.71
10242.47
10151.13
10198.8
10070.37
10192.51
10251.7
10256.95
10384.64
10340.38
10345.4
10384.34
10281.11
10300.25
10189.48
10140.12
10252.29
10331.88
10464.45
10493.19
10471.91
10523.56
10503.68
10457.8
10537.6
10542.55
10467.48
10549.87
10553.49
10460.97
10467.03
10483.07
10476.86
10503.02
10512.63
10522.56
10547.57
10566.37
10578.65
10623.07
10609.1
10599.67
10587.93
10421.44
10297.83
10290.78
10405.63
10374.48
10274.97
10303.44
10371.8
10270.68
10302.29
10449.14
10519.72
10513.89
10557.39
10628.88
10640.83
10574.99
10646.56
10689.15
10627.77
10651.18
10596.48
10579.77
10637.09
10705.55
10640.91
10623.15
10683.74
10697.59
10610.1
10558.03
10536.93
10615.67
10594.41
10685.89
10600.3
10634.38
10513.45
10550.71
10554.92
10559.23
10569.89
10519.58
10434.87
10450.63
10397.29
10463.05
10412.82
10481.6
10459.63
10447.37
10589.24
10633.5
10595.93
10678.56
10682.94
10597.44
10558.75
10558.75
10641.94
10557.63
10481.52
10378.03
10422.05
10419.59
10443.63
10456.21
10473.08
10552.78
10568.7
10535.48
10441.11
10317.36
10287.1
10292.31
10238.76
10253.17
10216.9
10216.59
10287.34
10348.1
10285.26
10414.13
10281.1
10215.22
10385
10377.87
10344.98
10229.95
10402.77
10440.07
10406.77
10472.73
10522.59
10530.76
10586.23
10539.72
10546.21
10640.1
10686.04
10697.17
10686.44
10674.76
10720.22
10766.33
10820.28
10871.43
10916.09
10931.62
10890.72
10888.16
10805.87
10912.57
10877.51
10835.01
10856.86
10810.91
10755.12
10778.58
10767.77
10823.72
10883.51
10881.67
10875.59
10836.53
10805.55
10833.73
10889.44
10883.27
10777.77
10796.26
10784.82
10717.5
10847.41
10880.15
10882.15
10959.31
11011.9
11011.58
11043.44
10962.36
10959.87
10896.32
10854.86
10880.71
10667.39
10688.77
10712.22
10709.74
10809.47
10907.21
10899.92
10864.86
10953.95
10851.98
10793.62
10798.27
10749.76
10858.62
10883.35
10919.05
10892.32
11028.39
11058.97
11120.68
11115.32
11069.06
11137.17
11069.22
11061.85
11097.55
10993.41
11053.53
11025.51
11021.59
10958.59
10980.69
11005.74
10972.28
11076.34
11076.02
11151.34
11209.77
11253.24
11279.65
11274.53
11235.47
11317.43
11270.29
11279.97
11250.11
11154.54
11215.7
11150.7
11109.32
11144.94
11203.85
11239.55
11216.5
11120.04
11141.33
11089.63
11129.97
11137.65
11073.78
11268.77
11278.77
11342.89
11347.45
11336.32
11283.25
11354.49
11382.51
11367.14
11343.29
11416.44
11400.28
11438.86
11577.74
11584.54
11639.77
11642.65
11500.73
11380.99
11428.77
11419.89
11205.61
11128.29
11144.06
11125.32
11098.35
11117.32
11211.05
11278.61
11094.43
11168.31
11260.28
11247.87
11048.72
11002.14
10930.9
10938.82
10891.92
10792.58
10706.14
10816.91
11015.19
11014.54
10942.11
10974.84
11079.46
11019.11
10989.09
11045.28
10924.74
10973.56
11190.8
11150.22
11228.02
11151.82
11225.3
11090.67
11103.55
11134.77
11013.18
10846.29
10739.35
10747.36
10799.23
11011.42
10928.1
10868.38
11051.05
11103.71
11102.51
11100.43
11219.7
11185.68
11125.73
11199.92
11242.59
11240.35
11219.38
11173.59
11076.18
11124.37
11088.02
11097.87
11230.26
11327.12
11334.96
11381.47
11345.04
11339.84
11297.9
11304.46
11284.05
11352.01
11369.94
11382.91
11381.15
11464.15
11469.28
11406.2
11331.44
11392.11
11396.84
11498.09
11543.32
11527.39
11560.77
11555
11540.91
11613.19
11533.23
11508.1
11575.81
11669.39
11689.24
11718.45
11679.07
11670.35
11727.34
11850.61
11866.69
11850.21
11857.81
11867.17
11852.13
11947.7
11960.51
11980.59
11950.02
11992.68
12011.73
12002.37
12116.91
12127.88
12134.68
12163.66
12090.26
12086.49
12080.73
12031.02
12018.54
11986.04
12105.55
12156.77
12176.54
12103.3
12108.43
12131.88
12218.01
12251.71
12305.82
12342.55
12316.54
12321.59
12326.95
12280.17
12121.71
12136.44
12226.73
12221.93
12194.13
12283.85
12331.6
12309.25
12278.41
12307.48
12328.48
12315.58
12317.5
12416.76
12445.52
12441.27
12471.32
12463.87
12421.25
12343.21
12407.63
12510.57
12501.52
12463.15
12474.52
12480.69
12398.01
12423.49
12416.6
12442.16
12514.98
12556.08
12582.59
12577.15
12567.93
12565.53
12477.16
12533.8
12621.77
12502.56
12487.02
12490.78
12523.31
12621.69
12673.68
12653.49
12661.74
12666.31
12666.87
12637.63
12580.83
12552.55
12654.85
12741.86
12765.01
12767.57
12786.64
12738.41
12686.02
12647.48
12632.26
12216.24
12268.63
12234.34
12114.1
12050.41
12207.59
12192.45
12260.7
12276.32
12318.62
12075.96
12133.4
12159.68
12110.41
12226.17
12288.1
12447.52
12461.14
12481.01
12469.07
12397.29
12300.36
12348.75
12354.35
12382.3
12510.93
12530.05
12560.83
12569.14
12573.85
12484.62
12552.96
12612.13
12720.46
12773.04
12803.84
12808.63
12961.98
12919.4
12953.94
13089.89
13105.5
13120.94
13062.91
13136.14
13211.88
13241.38
13264.62
13312.97
13309.07
13362.87
13215.13
13326.22
13346.78
13383.84
13487.53
13476.72
13556.53
13542.88
13539.95
13525.65
13441.13
13507.28
13521.34
13633.08
13627.64
13668.11
13676.32
13595.46
13465.67
13266.73
13424.39
13424.96
13295.01
13482.35
13553.73
13639.48
13612.98
13635.42
13489.42
13545.84
13360.26
13352.05
13337.66
13427.73
13422.28
13408.62
13535.43
13577.3
13565.84
13611.68
13649.97
13501.7
13577.87
13861.73
13907.25
13950.98
13971.55
13918.22
14000.41
13851.08
13943.42
13716.95
13785.07
13473.57
13265.47
13358.31
13211.99
13362.37
13463.33
13181.91
13468.78
13504.3
13657.86
13270.68
13239.54
13236.53
13028.92
12861.47
12845.78
13079.08
13121.35
13090.86
13236.13
13235.88
13378.87
13322.13
13041.85
13289.29
13238.73
13357.74
13448.86
13305.47
13363.35
13113.38
13127.85
13308.39
13291.65
13424.88
13442.52
13403.42
13739.39
13815.56
13766.7
13820.19
13759.06
13778.65
13878.15
13912.94
13895.63
14087.55
14047.31
13968.05
13974.31
14066.01
14043.73
14164.53
14078.69
14015.12
14093.08
13984.8
13912.94
13892.54
13888.96
13522.02
13566.97
13676.23
13675.25
13671.92
