0.455179
0.345091
0.0404799
0.152787
0.424501
0.363668
0.650339
1.30631
0.489474
1.02014
1.29756
1.06208
0.563859
0.730633
1.21874
1.10176
1.16789
1.21348
1.48197
0.832756
0.839688
1.3807
0.579161
1.26428
0.92053
1.06147
0.942171
0.768963
0.569169
0.883681
0.923655
0.074685
0.092567
-0.435916
-0.057262
-0.951968
-0.649733
-0.44462
-1.14561
-0.728712
-0.736087
-1.13832
-0.455724
-0.99128
-0.536699
-0.814002
-0.645586
-0.617427
-0.690382
-0.802721
-0.860645
-1.05548
-0.51968
-1.35497
-1.26597
-0.70812
-1.18836
-0.524089
-0.319178
-0.927603
-0.913662
-0.12262
-0.977707
-0.704571
0.059006
0.808674
0.630308
0.198205
0.614853
0.338069
1.23206
0.380252
0.827153
1.15143
1.08733
1.25514
0.884045
0.861073
1.09851
0.685813
1.09712
0.567606
0.942769
0.489823
0.986075
1.35433
0.739755
0.695101
1.05061
0.59422
1.21426
1.18934
0.852377
0.667628
0.837226
0.297754
0.162805
0.082989
-0.848629
-0.286408
-0.176092
-0.716731
-0.74744
-1.20031
-1.22048
-0.83138
-0.936128
-0.715551
-0.741243
-1.16013
-0.882363
-1.46019
-0.721042
-1.25521
-0.616825
-1.1655
-1.41007
-1.22871
-0.786792
-0.614636
-0.967878
-0.902159
-0.460601
-0.509993
-0.672589
-1.03776
-0.693258
0.11636
0.062451
0.335279
0.456839
0.126282
0.929797
0.896511
1.27161
0.887222
1.28261
1.14384
0.771979
1.1999
0.805016
0.710672
0.93108
0.582222
1.25745
0.616343
1.20827
0.854276
1.378
1.35206
0.498617
0.54519
0.868378
0.623044
0.308487
0.704239
0.427693
0.364264
0.118175
0.601726
0.019956
-0.675955
-0.137172
-0.841153
-0.205305
-0.880882
-1.10076
-0.398618
-1.22457
-0.73722
-1.0087
-1.2312
-1.04057
-1.02353
-0.521379
-1.2495
-1.08485
-1.00076
-1.33022
-0.778918
-0.581822
-0.486723
-0.622606
-0.63752
-0.943231
-0.805948
-0.901969
-0.819706
-0.232712
-0.210333
-0.412569
-0.414784
0.323544
0.273357
0.096778
0.335495
0.679396
0.28476
0.915505
0.768808
1.1032
1.212
0.847404
0.986746
0.729727
1.23816
0.647476
0.930769
0.566467
0.822855
0.559904
0.804291
0.923918
1.03764
1.11294
0.963927
0.411199
1.15434
0.288703
0.323457
0.804031
0.854041
0.959495
0.420574
0.294976
-0.422677
-0.119332
-0.504781
-0.807993
-0.358867
-0.368384
-0.381341
-0.512188
-0.704816
-1.10505
-0.51522
-0.502969
-1.21111
-1.22242
-0.824005
-1.11215
-0.594716
-1.23253
-1.03622
-0.634653
-1.22408
-0.657855
-0.459457
-0.864296
-0.638833
-0.665095
-1.09279
-0.551507
-0.42632
-0.47603
-0.082255
0.400821
0.005794
0.444018
1.02766
0.397391
0.337375
1.03045
0.378627
1.30414
0.457557
0.580985
0.885155
1.11455
0.638035
1.40636
1.2473
0.602164
0.689129
1.2842
0.892904
1.08756
1.05574
0.880759
1.2961
1.2091
0.564525
1.27311
0.782768
0.809463
0.903967
0.277751
0.455873
0.457782
-0.05065
-0.293773
-1.02161
-0.694105
-0.504073
-0.774931
-1.2886
-0.384127
-1.28027
-0.546986
-0.954927
-0.678897
-1.25778
-0.584826
-0.797301
-0.708285
-1.19066
-1.19539
-1.17812
-0.706062
-1.16941
-0.997881
-0.486514
-1.17161
-0.485185
-0.36812
-0.374691
-0.377849
-0.399666
-0.92534
-0.491559
-0.480347
0.555322
0.418596
0.759727
1.10059
0.459469
0.311324
1.31362
1.25026
1.37504
1.13198
0.807009
1.12066
0.50973
0.943159
0.772226
1.07365
0.643162
1.25952
1.44724
0.954777
1.04263
1.42657
1.21147
0.603865
1.15605
1.15644
1.1861
0.864353
0.920829
0.546746
0.690592
0.013715
-0.786414
-0.486681
-1.01642
-1.01173
-1.14912
-1.0601
-0.451247
-0.4459
-0.857202
-0.559402
-1.30445
-0.752623
-1.08069
-0.758481
-0.691706
-1.03968
-1.41166
-0.956823
-1.40129
-0.691626
-0.897374
-0.654001
-0.703893
-0.612797
-0.417706
-1.01376
-1.20351
-0.299532
-0.965393
-0.057288
-0.551211
0.423366
-0.0887855
0.0190352
0.308726
1.01313
0.373125
0.352514
1.09984
1.2152
0.832587
0.8357
1.32073
0.886489
0.848997
0.765194
1.38941
1.22692
1.45431
1.24752
0.609336
0.651485
0.590718
1.00975
0.549547
1.2502
0.791818
0.777073
0.827849
1.01089
0.236198
0.914128
0.212415
0.437889
-0.214048
-0.558177
-0.36892
-1.08325
-1.13028
-0.813278
-0.489739
-0.540415
-0.892381
-0.647558
-1.07749
-1.35506
-0.600313
-1.1215
-1.48902
-1.37165
-0.729557
-0.616896
-0.492073
-0.574565
-0.655314
-1.14894
-0.678461
-0.784672
-0.857207
-0.649268
-1.22077
-0.1802
-0.990957
-0.117867
-0.657184
0.44436
0.574518
0.947497
1.04101
1.13276
0.929168
0.672353
0.608977
0.843832
0.922923
0.550785
1.31502
1.43758
0.757483
0.645096
0.498192
1.01234
1.43033
1.25365
0.748514
0.614582
1.10283
1.41584
0.632137
0.582347
1.31906
0.664919
0.325375
1.07379
0.105117
0.441347
0.497486
-0.485513
-0.316166
-0.501545
-0.404064
-0.755298
-0.824467
-0.706035
-0.385643
-0.666581
-1.20929
-1.36343
-1.20676
-1.15778
-1.03301
-1.11234
-1.38518
-1.15884
-1.09348
-1.23787
-1.12946
-1.32782
-0.910221
-1.32623
-0.489889
-1.04588
-0.564011
-1.23657
-1.03791
-0.896671
-0.66212
-0.951943
-0.796473
-0.393534
0.719505
0.498238
0.67666
0.185692
1.01303
0.704779
0.973572
0.874126
0.923726
1.31907
1.22284
0.650928
0.488503
0.656457
0.676365
0.789811
0.744476
0.752422
1.47197
1.16667
0.930812
0.429632
1.25717
0.610778
0.56166
0.447164
1.0527
0.285743
0.120466
0.376505
0.754375
0.425381
-0.408274
-0.057678
-0.74825
-0.803621
-0.961612
-0.327949
-1.13205
-0.429464
-1.26852
-0.981635
-0.594175
-1.43064
-0.838603
-1.11414
-0.921358
-0.553131
-0.531068
-1.28895
-1.32256
-0.976294
-1.22891
-0.677141
-0.773139
-1.14122
-1.09493
-0.957668
-0.40632
-0.458474
-0.770515
-0.513535
-0.371773
-0.290754
0.166017
0.18705
0.634651
1.13134
1.11609
1.10791
1.021
1.26367
1.16362
1.21206
1.19479
0.964222
1.43557
1.01869
0.813717
1.32723
1.3887
0.593998
0.702387
0.820617
0.504425
0.529334
0.628891
1.2662
0.489099
0.576338
0.29881
0.418441
1.0067
0.236739
0.024108
-0.145891
-0.345326
-0.223981
-0.844271
-0.809427
-0.528329
-0.856629
-1.31644
-1.021
-0.771794
-1.13703
-1.1383
-1.21927
-0.504123
-0.682023
-1.06503
-1.2229
-0.851628
-0.591722
-0.841764
-0.65524
-1.20768
-0.884263
-0.690129
-1.0749
-0.856774
-0.721374
-1.15279
-0.844721
-0.218654
-0.101562
-0.697491
0.147645
-0.126267
0.233994
0.873575
0.569431
0.27186
1.11818
1.07035
0.881944
1.09841
0.745646
1.3816
0.709039
1.33432
0.64477
0.769477
0.901014
0.745603
0.63734
0.877734
0.764873
0.842817
1.32356
0.695622
0.600196
0.595966
0.781576
0.666702
1.01133
0.856762
0.492747
0.015277
0.159536
0.138116
-0.651395
-0.684743
-0.350877
-0.391004
-0.961167
-0.979106
-1.06197
-1.01969
-1.35686
-1.09764
-0.785907
-1.24143
-0.969745
-1.27113
-0.677283
-1.43576
-1.41006
-1.25471
-0.880096
-1.38694
-1.12469
-0.863922
-0.637167
-0.382642
-0.668691
-0.580907
-0.32033
-0.694582
-0.870976
-0.835839
-0.295608
0.13451
0.482794
0.146941
0.307923
1.00809
0.323773
0.655356
0.944512
0.899687
0.563858
0.502301
0.874405
1.38873
0.878339
1.41901
1.39672
1.34964
1.25878
0.580269
1.35618
0.816799
1.01418
1.26091
0.629247
0.884695
0.313158
0.469116
0.954225
0.40605
0.622095
0.681391
0.392155
-0.438125
-0.35381
-0.175238
-0.607731
-0.934199
-0.405219
-0.880207
-0.554884
-0.836844
-0.843403
-0.562512
-1.45499
-0.561657
-1.47569
-0.528915
-1.09657
-1.43495
-1.18278
-1.39136
-0.641131
-0.670317
-0.650254
-0.727478
-0.395772
-1.32054
-0.504187
-0.447527
-0.715735
-1.07524
-0.082585
-0.475012
0.243855
-0.00558
0.669051
0.224499
0.40448
1.11479
1.09175
0.927179
1.24785
1.3603
0.946085
0.851013
1.32768
0.67826
0.808154
0.921592
1.35273
0.862748
0.669503
1.26938
1.13343
1.14628
0.88465
1.07382
0.952266
0.356884
0.379952
0.861732
0.851959
1.04045
0.644076
0.349128
0.048726
-0.430317
-0.720501
-1.00684
-1.11138
-0.800046
-0.727888
-1.10715
-0.735255
-0.813949
-0.734401
-0.495497
-1.45405
-1.07233
-0.565062
-1.34513
-0.597808
-1.4889
-0.547228
-1.06692
-1.02028
-0.855689
-0.520119
-0.506998
-0.849678
-1.07089
-1.13932
-0.488364
-0.99742
-0.737558
-0.66397
-0.723891
0.449347
-0.083138
0.545934
0.713614
0.336976
0.933231
1.05881
0.511073
0.478128
1.20076
1.3661
0.98202
0.921174
0.781613
1.35422
0.880321
0.649888
0.972128
0.745902
1.21584
1.16164
1.28314
1.11921
0.796954
1.27388
0.987887
0.787697
0.41581
0.406297
0.98721
0.263622
0.284675
0.25896
0.060459
-0.185623
-0.667796
-0.822454
-0.936838
-0.694988
-0.377307
-0.871758
-0.954109
-0.512172
-1.297
-0.821246
-1.33294
-1.04888
-1.23987
-1.43897
-1.14759
-0.806371
-1.38483
-1.23131
-0.946723
-1.02576
-0.934665
-0.837968
-0.422583
-1.06021
-0.741981
-0.788164
-0.827368
-0.187407
-0.838248
-0.015182
0.614042
0.940218
0.811133
0.771681
0.24003
0.653798
0.71309
1.13153
1.15066
0.598875
0.478568
0.928108
0.596909
1.38173
0.525605
1.31881
0.8001
1.08611
1.02336
1.43426
0.860147
0.865068
0.503529
0.424646
1.23715
1.23851
0.922754
0.614679
1.07469
0.538755
0.739233
-0.312754
-0.655788
-0.307625
-0.759885
-1.01748
-0.927299
-0.980951
-0.700189
-0.802216
-0.602511
-0.468653
-1.1766
-1.27127
-1.17499
-1.0772
-1.23692
-0.587243
-1.44352
-0.982172
-0.498761
-1.40946
-0.779627
-0.954917
-1.25016
-0.951611
-1.1634
-0.28604
-0.628658
-0.458014
-0.166269
-0.66482
-0.704412
-0.010243
0.480184
0.239785
0.641409
0.665074
0.95352
0.651742
0.435365
0.37543
0.696144
0.649362
1.42055
1.20891
0.5817
1.28275
1.25971
1.21914
1.07591
0.695721
0.519992
1.18566
0.5666
0.624344
1.12816
0.616671
0.95954
0.878063
0.435142
1.05332
0.801281
0.498638
0.380153
0.369007
-0.618642
-0.233806
-0.626709
-0.194532
-1.20156
-0.59755
-0.351324
-0.716795
-0.688482
-1.39195
-0.657205
-1.21353
-0.902874
-1.2816
-0.916986
-1.16347
-0.670522
-0.700612
-0.963138
-0.90528
-0.644119
-1.33772
-0.482115
-1.1983
-0.414568
-1.03781
-1.12596
-1.0211
-0.629429
-0.796315
-0.728081
